Some random q_1: 

    8.188     9.974     1.912     5.203     6.674     7.786    0.6143     7.898 
Some random symmetric N x N matrix A for N=8

    8.541     5.259     4.681     2.116     6.106     4.761     5.831     9.578 
    5.259     4.282     7.578     7.511     2.241      7.27     6.453     7.508 
    4.681     7.578     9.053     9.336      9.44     1.181     7.081     1.095 
    2.116     7.511     9.336     1.538     1.793     5.282     7.035     1.567 
    6.106     2.241      9.44     1.793    0.3013     9.666     8.388     2.385 
    4.761      7.27     1.181     5.282     9.666     8.554     6.808       9.5 
    5.831     6.453     7.081     7.035     8.388     6.808     8.888     5.311 
    9.578     7.508     1.095     1.567     2.385       9.5     5.311     1.918 
The Lanczos decomposition T of A for n=6

    35.85     19.61         0         0         0         0 
    19.61     9.451     10.63         0         0         0 
        0     10.63  -0.05505     7.707         0         0 
        0         0     7.707     2.735     4.249         0 
        0         0         0     4.249     -4.06      4.49 
        0         0         0         0      4.49    -0.729 
Computed Q^T A Q: 

    35.85     19.61 -8.882e-15 -2.309e-14 3.553e-14 5.196e-14 
    19.61     9.451     10.63 -1.132e-14 1.821e-14 2.842e-14 
-9.326e-15     10.63  -0.05505     7.707 4.441e-15 8.771e-15 
-2.326e-14 -1.182e-14     7.707     2.735     4.249 -1.804e-16 
3.419e-14 1.907e-14 3.997e-15     4.249     -4.06      4.49 
5.529e-14 2.895e-14  8.66e-15 4.441e-16      4.49    -0.729 
Computed Q^T Q for sanity check (should be identity): 

        1 4.233e-16 -1.943e-16 -5.829e-16 7.216e-16 1.221e-15 
4.233e-16         1 -1.683e-16 -1.076e-16  4.58e-16 4.953e-16 
-1.943e-16 -1.683e-16         1 4.163e-17         0 1.388e-17 
-5.829e-16 -1.076e-16 4.163e-17         1 -5.551e-17 3.331e-16 
7.216e-16  4.58e-16         0 -5.551e-17         1 -3.886e-16 
1.221e-15 4.953e-16 1.388e-17 3.331e-16 -3.886e-16         1 
